<!-- Generated: 25.09.2014 17:25:03 -->
Job count = 20

 <!-- Part 1:  Dependencies -->

0 0 0 0 1 1 0 0 0 1 0 0 1 0 0 0 0 0 0 0 
0 0 0 0 0 1 1 0 1 0 0 0 0 1 0 0 0 0 0 0 
0 0 0 0 0 0 1 1 0 1 0 0 0 0 1 0 0 0 0 0 
0 0 0 0 1 0 0 1 1 0 0 0 0 0 0 1 0 0 0 0 
0 0 0 0 0 0 0 0 0 0 1 0 0 0 0 0 0 0 0 0 
0 0 0 0 0 0 0 0 0 0 1 0 0 0 0 0 0 0 0 0 
0 0 0 0 0 0 0 0 0 0 1 0 0 0 0 0 0 0 0 0 
0 0 0 0 0 0 0 0 0 0 1 0 0 0 0 0 0 0 0 0 
0 0 0 0 0 0 0 0 0 0 1 0 0 0 0 0 0 0 0 0 
0 0 0 0 0 0 0 0 0 0 1 0 0 0 0 0 0 0 0 0 
0 0 0 0 0 0 0 0 0 0 0 1 0 0 0 0 0 0 0 0 
0 0 0 0 0 0 0 0 0 0 0 0 1 1 1 1 0 0 0 0 
0 0 0 0 0 0 0 0 0 0 0 0 0 0 0 0 1 1 0 0 
0 0 0 0 0 0 0 0 0 0 0 0 0 0 0 0 1 1 0 0 
0 0 0 0 0 0 0 0 0 0 0 0 0 0 0 0 1 1 0 0 
0 0 0 0 0 0 0 0 0 0 0 0 0 0 0 0 1 1 0 0 
0 0 0 0 0 0 0 0 0 0 0 0 0 0 0 0 0 1 0 0 
0 0 0 0 0 0 0 0 0 0 0 0 0 0 0 0 0 0 1 0 
0 0 0 0 0 0 0 0 0 0 0 0 0 0 0 0 0 0 0 1 
0 0 0 0 0 0 0 0 0 0 0 0 0 0 0 0 0 0 0 0 

 <!-- Part 2:  Execution times -->

1 4.55
2 5.1
3 4.3
4 5.2
5 1.6
6 3.85
7 3.55
8 3.8
9 4.95
10 4.95
11 2.2
12 2.15
13 4.15
14 4.9
15 2.65
16 3.2
17 4.95
18 9.35
19 1.2
20 1.35
